model_name,year_integer,score/welfare/AUS,score/welfare/ENG,score/welfare/FRA,score/welfare/GER,score/welfare/ITA,score/welfare/RUS,score/welfare/TUR,score/centers/AUS,score/centers/ENG,score/centers/FRA,score/centers/GER,score/centers/ITA,score/centers/RUS,score/centers/TUR,score/units/AUS,score/units/ENG,score/units/FRA,score/units/GER,score/units/ITA,score/units/RUS,score/units/TUR
Super Exploiter,0,0.0,0.0,0.0,0.0,0.0,0.0,0.0,3.0,3.0,3.0,3.0,3.0,4.0,3.0,3.0,3.0,3.0,3.0,3.0,4.0,3.0
Super Exploiter,1,2.0,0.0,1.0,1.0,2.0,0.0,2.0,4.0,4.0,4.0,5.0,4.0,4.0,4.0,2.0,4.0,3.0,4.0,2.0,4.0,2.0
Super Exploiter,2,5.0,0.0,2.0,3.0,4.0,2.0,4.0,4.0,4.0,4.0,5.0,4.0,5.0,4.0,1.0,4.0,3.0,3.0,2.0,3.0,2.0
Super Exploiter,3,9.0,1.0,4.0,5.0,7.0,5.0,7.0,4.0,4.0,4.0,5.0,4.0,5.0,4.0,0.0,3.0,2.0,3.0,1.0,2.0,1.0
Super Exploiter,4,13.0,2.0,6.0,8.0,10.0,8.0,10.0,4.0,5.0,4.0,5.0,5.0,5.0,4.0,0.0,3.0,2.0,2.0,1.0,2.0,1.0
Super Exploiter,4,14.0,2.0,6.0,8.0,11.0,9.0,11.0,4.0,5.0,4.0,5.0,5.0,5.0,4.0,3.0,5.0,4.0,5.0,4.0,4.0,3.0
Super Exploiter,5,15.0,4.0,6.0,8.0,12.0,10.0,12.0,5.0,4.0,5.0,6.0,4.0,5.0,5.0,3.0,3.0,4.0,5.0,4.0,4.0,3.0
Super Exploiter,5,15.0,4.0,6.0,8.0,12.0,10.0,12.0,5.0,4.0,5.0,6.0,4.0,5.0,5.0,5.0,4.0,5.0,6.0,4.0,5.0,5.0
Super Exploiter,6,15.0,4.0,6.0,8.0,12.0,10.0,13.0,5.0,4.0,5.0,6.0,4.0,5.0,5.0,5.0,4.0,5.0,6.0,4.0,5.0,4.0
Super Exploiter,6,15.0,4.0,6.0,9.0,13.0,10.0,14.0,7.0,4.0,6.0,5.0,2.0,5.0,5.0,5.0,4.0,5.0,5.0,3.0,5.0,4.0
Super Exploiter,6,15.0,4.0,6.0,9.0,13.0,10.0,14.0,7.0,4.0,6.0,5.0,2.0,5.0,5.0,7.0,4.0,6.0,5.0,2.0,5.0,5.0
Super Exploiter,7,16.0,4.0,6.0,9.0,13.0,10.0,14.0,7.0,4.0,6.0,5.0,2.0,5.0,5.0,6.0,4.0,6.0,5.0,2.0,5.0,5.0
Super Exploiter,7,17.0,5.0,6.0,9.0,15.0,10.0,14.0,8.0,3.0,6.0,5.0,1.0,6.0,5.0,6.0,3.0,6.0,5.0,0.0,5.0,5.0
Super Exploiter,7,17.0,5.0,6.0,9.0,16.0,10.0,14.0,8.0,3.0,6.0,5.0,1.0,6.0,5.0,8.0,3.0,6.0,5.0,0.0,6.0,5.0
Super Exploiter,8,18.0,5.0,6.0,9.0,17.0,10.0,14.0,8.0,3.0,6.0,5.0,1.0,6.0,5.0,7.0,3.0,6.0,5.0,0.0,6.0,5.0
Super Exploiter,8,19.0,5.0,6.0,9.0,18.0,10.0,14.0,9.0,2.0,7.0,4.0,0.0,7.0,5.0,7.0,3.0,6.0,5.0,0.0,6.0,5.0
Super Exploiter,8,22.0,5.0,8.0,9.0,18.0,11.0,15.0,9.0,2.0,7.0,4.0,0.0,7.0,5.0,6.0,2.0,5.0,4.0,0.0,6.0,4.0
Super Exploiter,9,28.0,6.0,11.0,10.0,18.0,13.0,17.0,9.0,2.0,7.0,4.0,0.0,7.0,5.0,3.0,1.0,4.0,3.0,0.0,5.0,3.0
Super Exploiter,10,37.0,8.0,18.0,14.0,18.0,17.0,22.0,9.0,2.0,7.0,4.0,0.0,7.0,5.0,0.0,0.0,0.0,0.0,0.0,3.0,0.0
Super Exploiter,0,0.0,0.0,0.0,0.0,0.0,0.0,0.0,3.0,3.0,3.0,3.0,3.0,4.0,3.0,3.0,3.0,3.0,3.0,3.0,4.0,3.0
Super Exploiter,1,1.0,2.0,3.0,2.0,1.0,1.0,2.0,4.0,4.0,5.0,4.0,3.0,4.0,4.0,3.0,2.0,2.0,2.0,2.0,3.0,2.0
Super Exploiter,2,3.0,5.0,6.0,5.0,2.0,5.0,4.0,4.0,5.0,5.0,5.0,3.0,5.0,4.0,2.0,2.0,2.0,2.0,2.0,1.0,2.0
Super Exploiter,3,6.0,8.0,10.0,9.0,4.0,9.0,7.0,4.0,5.0,5.0,5.0,3.0,5.0,4.0,1.0,2.0,1.0,1.0,1.0,1.0,1.0
Super Exploiter,4,7.0,10.0,11.0,10.0,4.0,10.0,7.0,3.0,6.0,5.0,5.0,4.0,6.0,3.0,2.0,4.0,4.0,4.0,4.0,5.0,3.0
Super Exploiter,5,9.0,12.0,12.0,11.0,4.0,11.0,7.0,0.0,4.0,5.0,7.0,5.0,7.0,5.0,1.0,4.0,4.0,4.0,4.0,5.0,3.0
Super Exploiter,5,9.0,12.0,12.0,12.0,4.0,11.0,8.0,0.0,4.0,5.0,7.0,5.0,7.0,5.0,0.0,4.0,5.0,6.0,5.0,7.0,4.0
Super Exploiter,6,9.0,12.0,12.0,13.0,4.0,11.0,9.0,0.0,4.0,5.0,7.0,5.0,7.0,5.0,0.0,4.0,5.0,6.0,5.0,7.0,4.0
Super Exploiter,6,9.0,12.0,12.0,13.0,4.0,11.0,9.0,0.0,4.0,5.0,7.0,7.0,6.0,5.0,0.0,4.0,5.0,7.0,7.0,6.0,5.0
Super Exploiter,7,9.0,12.0,12.0,13.0,5.0,12.0,9.0,0.0,4.0,5.0,7.0,7.0,6.0,5.0,0.0,4.0,5.0,7.0,6.0,5.0,5.0
Super Exploiter,7,9.0,13.0,12.0,13.0,6.0,13.0,9.0,0.0,4.0,5.0,8.0,7.0,4.0,6.0,0.0,3.0,5.0,7.0,6.0,5.0,5.0
Super Exploiter,7,9.0,13.0,12.0,13.0,6.0,13.0,9.0,0.0,4.0,5.0,8.0,7.0,4.0,6.0,0.0,4.0,5.0,8.0,7.0,4.0,6.0
Super Exploiter,8,9.0,15.0,13.0,13.0,9.0,13.0,10.0,0.0,5.0,5.0,7.0,9.0,2.0,6.0,0.0,3.0,4.0,7.0,6.0,2.0,5.0
Super Exploiter,9,9.0,18.0,15.0,14.0,14.0,14.0,12.0,0.0,5.0,5.0,7.0,9.0,2.0,6.0,0.0,2.0,3.0,6.0,4.0,1.0,4.0
Super Exploiter,10,9.0,23.0,20.0,21.0,23.0,16.0,16.0,0.0,5.0,5.0,7.0,9.0,2.0,6.0,0.0,0.0,0.0,0.0,0.0,0.0,2.0
Super Exploiter,0,0.0,0.0,0.0,0.0,0.0,0.0,0.0,3.0,3.0,3.0,3.0,3.0,4.0,3.0,3.0,3.0,3.0,3.0,3.0,4.0,3.0
Super Exploiter,1,2.0,1.0,2.0,2.0,1.0,3.0,2.0,4.0,4.0,5.0,5.0,3.0,6.0,4.0,2.0,3.0,3.0,3.0,2.0,3.0,2.0
Super Exploiter,2,6.0,3.0,5.0,5.0,2.0,7.0,5.0,5.0,4.0,5.0,5.0,3.0,6.0,4.0,1.0,2.0,2.0,2.0,2.0,2.0,1.0
Super Exploiter,3,6.0,3.0,5.0,6.0,2.0,8.0,6.0,3.0,4.0,5.0,5.0,5.0,6.0,4.0,3.0,4.0,5.0,4.0,5.0,5.0,3.0
Super Exploiter,4,6.0,3.0,5.0,7.0,2.0,9.0,7.0,3.0,4.0,5.0,5.0,5.0,6.0,4.0,3.0,4.0,5.0,4.0,5.0,5.0,3.0
Super Exploiter,4,6.0,3.0,5.0,8.0,2.0,10.0,8.0,4.0,4.0,6.0,5.0,5.0,6.0,4.0,3.0,4.0,5.0,4.0,5.0,5.0,3.0
Super Exploiter,4,6.0,3.0,6.0,8.0,2.0,10.0,8.0,4.0,4.0,6.0,5.0,5.0,6.0,4.0,4.0,4.0,5.0,5.0,5.0,6.0,4.0
Super Exploiter,5,6.0,3.0,7.0,8.0,2.0,11.0,8.0,4.0,4.0,6.0,5.0,5.0,6.0,4.0,4.0,4.0,5.0,5.0,5.0,5.0,4.0
Super Exploiter,5,6.0,3.0,8.0,8.0,2.0,11.0,8.0,5.0,5.0,6.0,5.0,4.0,4.0,5.0,5.0,5.0,5.0,5.0,4.0,4.0,5.0
Super Exploiter,6,6.0,3.0,9.0,8.0,2.0,12.0,8.0,5.0,5.0,6.0,5.0,4.0,4.0,5.0,5.0,5.0,5.0,5.0,4.0,3.0,5.0
Super Exploiter,6,6.0,3.0,10.0,8.0,2.0,13.0,8.0,5.0,6.0,6.0,5.0,4.0,3.0,5.0,5.0,5.0,5.0,5.0,4.0,3.0,5.0
Super Exploiter,6,6.0,3.0,10.0,8.0,2.0,13.0,8.0,5.0,6.0,6.0,5.0,4.0,3.0,5.0,5.0,6.0,6.0,5.0,4.0,3.0,5.0
Super Exploiter,7,6.0,3.0,10.0,8.0,2.0,13.0,8.0,5.0,6.0,6.0,5.0,4.0,3.0,5.0,5.0,6.0,6.0,5.0,4.0,3.0,5.0
Super Exploiter,7,6.0,3.0,10.0,9.0,2.0,13.0,8.0,5.0,8.0,6.0,3.0,4.0,3.0,5.0,5.0,6.0,6.0,4.0,4.0,3.0,5.0
Super Exploiter,7,6.0,4.0,10.0,9.0,2.0,13.0,8.0,5.0,8.0,6.0,3.0,4.0,3.0,5.0,5.0,7.0,6.0,3.0,4.0,3.0,5.0
Super Exploiter,8,6.0,5.0,10.0,10.0,2.0,13.0,8.0,5.0,9.0,6.0,2.0,4.0,2.0,6.0,5.0,7.0,6.0,2.0,4.0,3.0,5.0
Super Exploiter,8,7.0,8.0,11.0,11.0,3.0,13.0,10.0,5.0,9.0,6.0,2.0,4.0,2.0,6.0,4.0,6.0,5.0,1.0,3.0,2.0,4.0
Super Exploiter,9,9.0,12.0,13.0,13.0,5.0,14.0,13.0,5.0,9.0,6.0,2.0,4.0,2.0,6.0,3.0,5.0,4.0,0.0,2.0,1.0,3.0
Super Exploiter,10,13.0,17.0,16.0,15.0,9.0,16.0,18.0,5.0,9.0,6.0,2.0,4.0,2.0,6.0,1.0,4.0,3.0,0.0,0.0,0.0,1.0
Super Exploiter,0,0.0,0.0,0.0,0.0,0.0,0.0,0.0,3.0,3.0,3.0,3.0,3.0,4.0,3.0,3.0,3.0,3.0,3.0,3.0,4.0,3.0
Super Exploiter,1,1.0,1.0,1.0,1.0,1.0,1.0,1.0,4.0,3.0,3.0,4.0,3.0,4.0,4.0,3.0,2.0,2.0,3.0,2.0,3.0,3.0
Super Exploiter,2,3.0,3.0,2.0,2.0,3.0,4.0,4.0,4.0,3.0,3.0,4.0,3.0,5.0,5.0,2.0,1.0,2.0,3.0,1.0,2.0,2.0
Super Exploiter,3,3.0,3.0,2.0,3.0,3.0,4.0,6.0,3.0,3.0,4.0,7.0,3.0,5.0,6.0,3.0,3.0,4.0,6.0,3.0,5.0,4.0
Super Exploiter,4,3.0,3.0,2.0,4.0,3.0,4.0,8.0,3.0,3.0,4.0,7.0,3.0,5.0,6.0,3.0,3.0,4.0,6.0,3.0,5.0,4.0
Super Exploiter,4,3.0,3.0,2.0,6.0,3.0,4.0,10.0,3.0,4.0,5.0,6.0,4.0,5.0,6.0,3.0,3.0,4.0,5.0,3.0,5.0,4.0
Super Exploiter,4,3.0,3.0,2.0,6.0,3.0,4.0,10.0,3.0,4.0,5.0,6.0,4.0,5.0,6.0,3.0,4.0,5.0,6.0,4.0,5.0,6.0
Super Exploiter,5,4.0,4.0,2.0,7.0,3.0,5.0,10.0,2.0,4.0,5.0,7.0,5.0,3.0,8.0,2.0,3.0,5.0,5.0,4.0,4.0,6.0
Super Exploiter,5,4.0,4.0,2.0,7.0,3.0,5.0,10.0,2.0,4.0,5.0,7.0,5.0,3.0,8.0,2.0,4.0,5.0,7.0,5.0,3.0,8.0
Super Exploiter,6,4.0,4.0,2.0,7.0,3.0,5.0,10.0,2.0,4.0,5.0,7.0,5.0,3.0,8.0,2.0,4.0,5.0,7.0,5.0,3.0,8.0
Super Exploiter,6,5.0,4.0,2.0,7.0,4.0,5.0,10.0,1.0,4.0,5.0,9.0,6.0,2.0,7.0,1.0,4.0,5.0,7.0,4.0,3.0,8.0
Super Exploiter,6,5.0,4.0,2.0,7.0,4.0,5.0,10.0,1.0,4.0,5.0,9.0,6.0,2.0,7.0,1.0,4.0,5.0,9.0,6.0,2.0,7.0
Super Exploiter,7,6.0,4.0,2.0,7.0,4.0,5.0,10.0,1.0,4.0,5.0,9.0,6.0,2.0,7.0,0.0,4.0,5.0,9.0,6.0,2.0,7.0
Super Exploiter,7,7.0,4.0,2.0,7.0,4.0,5.0,10.0,0.0,5.0,5.0,8.0,6.0,1.0,9.0,0.0,4.0,5.0,9.0,6.0,2.0,7.0
Super Exploiter,7,7.0,4.0,2.0,7.0,4.0,5.0,10.0,0.0,5.0,5.0,8.0,6.0,1.0,9.0,0.0,5.0,5.0,8.0,6.0,1.0,9.0
Super Exploiter,8,7.0,4.0,2.0,7.0,4.0,5.0,10.0,0.0,5.0,5.0,8.0,6.0,1.0,9.0,0.0,5.0,5.0,8.0,6.0,1.0,9.0
Super Exploiter,8,7.0,5.0,2.0,8.0,5.0,5.0,12.0,0.0,6.0,5.0,8.0,6.0,0.0,9.0,0.0,5.0,5.0,7.0,5.0,0.0,7.0
Super Exploiter,9,7.0,7.0,3.0,10.0,7.0,5.0,16.0,0.0,6.0,5.0,8.0,6.0,0.0,9.0,0.0,4.0,4.0,6.0,4.0,0.0,5.0
Super Exploiter,10,7.0,10.0,5.0,14.0,10.0,5.0,24.0,0.0,6.0,5.0,8.0,6.0,0.0,9.0,0.0,3.0,3.0,4.0,3.0,0.0,1.0
Super Exploiter,0,0.0,0.0,0.0,0.0,0.0,0.0,0.0,3.0,3.0,3.0,3.0,3.0,4.0,3.0,3.0,3.0,3.0,3.0,3.0,4.0,3.0
Super Exploiter,1,1.0,1.0,1.0,2.0,0.0,1.0,2.0,4.0,4.0,4.0,5.0,3.0,5.0,4.0,3.0,3.0,3.0,3.0,3.0,4.0,2.0
Super Exploiter,2,4.0,2.0,2.0,5.0,1.0,3.0,4.0,5.0,4.0,4.0,5.0,4.0,5.0,4.0,2.0,3.0,3.0,2.0,3.0,3.0,2.0
Super Exploiter,3,7.0,5.0,3.0,10.0,4.0,6.0,7.0,5.0,5.0,4.0,6.0,5.0,5.0,4.0,2.0,2.0,3.0,1.0,2.0,2.0,1.0
Super Exploiter,4,8.0,5.0,3.0,13.0,4.0,7.0,7.0,5.0,5.0,5.0,5.0,5.0,6.0,3.0,4.0,5.0,5.0,2.0,5.0,5.0,3.0
Super Exploiter,5,9.0,5.0,4.0,16.0,4.0,8.0,7.0,5.0,5.0,5.0,5.0,5.0,6.0,3.0,4.0,5.0,4.0,2.0,5.0,5.0,3.0
Super Exploiter,5,10.0,5.0,5.0,19.0,5.0,9.0,7.0,6.0,6.0,6.0,4.0,4.0,5.0,3.0,4.0,5.0,4.0,2.0,4.0,5.0,3.0
Super Exploiter,5,10.0,5.0,7.0,20.0,5.0,9.0,7.0,6.0,6.0,6.0,4.0,4.0,5.0,3.0,6.0,6.0,4.0,3.0,4.0,5.0,3.0
Super Exploiter,6,10.0,5.0,9.0,21.0,5.0,10.0,7.0,5.0,6.0,5.0,5.0,5.0,4.0,4.0,6.0,6.0,4.0,3.0,4.0,4.0,3.0
Super Exploiter,6,10.0,5.0,9.0,22.0,5.0,10.0,7.0,5.0,6.0,5.0,5.0,5.0,4.0,4.0,5.0,6.0,5.0,4.0,5.0,4.0,4.0
Super Exploiter,7,11.0,6.0,9.0,23.0,5.0,10.0,7.0,4.0,7.0,5.0,4.0,4.0,4.0,6.0,4.0,5.0,5.0,4.0,5.0,4.0,4.0
Super Exploiter,7,11.0,6.0,9.0,23.0,5.0,10.0,7.0,4.0,7.0,5.0,4.0,4.0,4.0,6.0,4.0,7.0,5.0,4.0,4.0,4.0,6.0
Super Exploiter,8,11.0,7.0,9.0,23.0,6.0,11.0,7.0,4.0,7.0,5.0,4.0,4.0,4.0,6.0,4.0,6.0,5.0,4.0,3.0,3.0,6.0
Super Exploiter,8,12.0,9.0,10.0,24.0,8.0,13.0,8.0,4.0,7.0,5.0,4.0,4.0,4.0,6.0,3.0,5.0,4.0,3.0,2.0,2.0,5.0
Super Exploiter,9,14.0,12.0,12.0,26.0,11.0,16.0,10.0,4.0,7.0,5.0,4.0,4.0,4.0,6.0,2.0,4.0,3.0,2.0,1.0,1.0,4.0
Super Exploiter,10,17.0,16.0,17.0,29.0,15.0,20.0,16.0,4.0,7.0,5.0,4.0,4.0,4.0,6.0,1.0,3.0,0.0,1.0,0.0,0.0,0.0
